Online Appendix to Endler & Mielke 2005
Values *  100         UV - type eye                               V - type eye
WAVELN     UVS+T     SWS+C     MWS+Y     LWS+R         UVS+T     SWS+C     MWS+Y     LWS+R
 300.0  0.066924  0.000000  0.000000  0.000000      0.000000  0.000000  0.000000  0.000000
 301.0  0.088357  0.000000  0.000000  0.000000      0.000000  0.000000  0.000000  0.000000
 302.0  0.109922  0.000000  0.000000  0.000000      0.000000  0.000000  0.000000  0.000000
 303.0  0.131585  0.000000  0.000000  0.000000      0.000000  0.000000  0.000000  0.000000
 304.0  0.153312  0.000000  0.000000  0.000000      0.000000  0.000000  0.000000  0.000000
 305.0  0.175074  0.000000  0.000000  0.000000      0.000000  0.000000  0.000000  0.000000
 306.0  0.196843  0.000000  0.000000  0.000000      0.000000  0.000000  0.000000  0.000000
 307.0  0.218598  0.000000  0.000000  0.000000      0.000000  0.000000  0.000000  0.000000
 308.0  0.240318  0.000000  0.000000  0.000000      0.000000  0.000000  0.000000  0.000000
 309.0  0.261987  0.000000  0.000000  0.000000      0.000000  0.000000  0.000000  0.000000
 310.0  0.283592  0.000000  0.000000  0.000000      0.000000  0.000000  0.000000  0.000000
 311.0  0.305125  0.000000  0.000000  0.000000      0.000000  0.000000  0.000000  0.000000
 312.0  0.326580  0.000000  0.000000  0.000000      0.000000  0.000000  0.000000  0.000000
 313.0  0.347955  0.000000  0.000000  0.000000      0.000000  0.000000  0.000000  0.000000
 314.0  0.369250  0.000000  0.000000  0.000000      0.000000  0.000000  0.000000  0.000000
 315.0  0.390470  0.000000  0.000000  0.000000      0.000000  0.000000  0.000000  0.000000
 316.0  0.411622  0.000000  0.000000  0.000000      0.002333  0.000000  0.000000  0.000000
 317.0  0.432715  0.000000  0.000000  0.000000      0.014856  0.000000  0.000000  0.000000
 318.0  0.453758  0.000000  0.000000  0.000000      0.027160  0.000000  0.000000  0.000000
 319.0  0.474765  0.000000  0.000000  0.000000      0.039242  0.000000  0.000000  0.000000
 320.0  0.495750  0.000000  0.000000  0.000000      0.051098  0.000000  0.000000  0.000000
 321.0  0.516727  0.000000  0.000000  0.000000      0.062724  0.000000  0.000000  0.000000
 322.0  0.537711  0.000000  0.000000  0.000000      0.074121  0.000000  0.000000  0.000000
 323.0  0.558717  0.000000  0.000000  0.000000      0.085288  0.000000  0.000000  0.000000
 324.0  0.579760  0.000000  0.000000  0.000000      0.096228  0.000000  0.000000  0.000000
 325.0  0.600854  0.000000  0.000000  0.000000      0.106943  0.000000  0.000000  0.000000
 326.0  0.622011  0.000000  0.000000  0.000000      0.117438  0.000000  0.000000  0.000000
 327.0  0.643243  0.000000  0.000000  0.000000      0.127720  0.000000  0.000000  0.000000
 328.0  0.664559  0.000000  0.000000  0.000000      0.137797  0.000000  0.000000  0.000000
 329.0  0.685967  0.000000  0.000000  0.000000      0.147678  0.000000  0.000000  0.000000
 330.0  0.707471  0.000000  0.000000  0.000000      0.157373  0.000000  0.000000  0.000000
 331.0  0.729074  0.000000  0.000000  0.000000      0.166897  0.000000  0.000000  0.000000
 332.0  0.750776  0.000000  0.000000  0.000000      0.176263  0.000000  0.000000  0.000000
 333.0  0.772575  0.000000  0.000000  0.000000      0.185487  0.000000  0.000000  0.000000
 334.0  0.794463  0.000000  0.000000  0.000000      0.194585  0.000000  0.000000  0.000000
 335.0  0.816433  0.000000  0.000000  0.000000      0.203576  0.000000  0.000000  0.000000
 336.0  0.838472  0.000000  0.000000  0.000000      0.212478  0.000000  0.000000  0.000000
 337.0  0.860567  0.000000  0.000000  0.000000      0.221312  0.000000  0.000000  0.000000
 338.0  0.882698  0.000000  0.000000  0.000000      0.230099  0.000000  0.000000  0.000000
 339.0  0.904846  0.000000  0.000000  0.000000      0.238860  0.000000  0.000000  0.000000
 340.0  0.926987  0.000000  0.000000  0.000000      0.247618  0.000000  0.000000  0.000000
 341.0  0.949096  0.000000  0.000000  0.000000      0.256396  0.000000  0.000000  0.000000
 342.0  0.971144  0.000000  0.000000  0.000000      0.265215  0.000000  0.000000  0.000000
 343.0  0.993101  0.000000  0.000000  0.000000      0.274099  0.000000  0.000000  0.000000
 344.0  1.014935  0.000000  0.000000  0.000000      0.283070  0.000000  0.000000  0.000000
 345.0  1.036610  0.000000  0.000000  0.000000      0.292151  0.000000  0.000000  0.000000
 346.0  1.058090  0.000000  0.000000  0.000000      0.301363  0.000000  0.000000  0.000000
 347.0  1.079337  0.000000  0.000000  0.000000      0.310728  0.000000  0.000000  0.000000
 348.0  1.100311  0.000000  0.000000  0.000000      0.320265  0.000000  0.000000  0.000000
 349.0  1.120972  0.000000  0.000000  0.000000      0.329994  0.000000  0.000000  0.000000
 350.0  1.141277  0.000000  0.000000  0.000000      0.339933  0.000000  0.000000  0.000000
 351.0  1.161184  0.000000  0.000000  0.000000      0.350098  0.000000  0.000000  0.000000
 352.0  1.180646  0.000000  0.000000  0.000000      0.360505  0.000000  0.000000  0.000000
 353.0  1.199621  0.000000  0.000000  0.000000      0.371168  0.000000  0.000000  0.000000
 354.0  1.218061  0.000000  0.000000  0.000000      0.382098  0.000000  0.000000  0.000000
 355.0  1.235920  0.000000  0.000000  0.000000      0.393306  0.000000  0.000000  0.000000
 356.0  1.253152  0.000000  0.000000  0.000000      0.404800  0.000000  0.000000  0.000000
 357.0  1.269707  0.000000  0.000000  0.000000      0.416586  0.000000  0.000000  0.000000
 358.0  1.285537  0.000000  0.000000  0.000000      0.428668  0.000000  0.000000  0.000000
 359.0  1.300595  0.000000  0.000000  0.000000      0.441050  0.000000  0.000000  0.000000
 360.0  1.314829  0.000000  0.000000  0.000000      0.453732  0.000000  0.000000  0.000000
 361.0  1.328191  0.000000  0.000000  0.000000      0.466712  0.000000  0.000000  0.000000
 362.0  1.340629  0.000000  0.000000  0.000000      0.479986  0.000000  0.000000  0.000000
 363.0  1.352093  0.000000  0.000000  0.000000      0.493549  0.000000  0.000000  0.000000
 364.0  1.362532  0.000000  0.000000  0.000000      0.507393  0.000000  0.000000  0.000000
 365.0  1.371894  0.000000  0.000000  0.000000      0.521510  0.000000  0.000000  0.000000
 366.0  1.380128  0.000000  0.000000  0.000000      0.535888  0.000000  0.000000  0.000000
 367.0  1.387180  0.000000  0.000000  0.000000      0.550514  0.000000  0.000000  0.000000
 368.0  1.392999  0.000000  0.000000  0.000000      0.565375  0.000000  0.000000  0.000000
 369.0  1.397533  0.000000  0.000000  0.000000      0.580454  0.000000  0.000000  0.000000
 370.0  1.400727  0.000000  0.000000  0.000000      0.595735  0.000000  0.000000  0.000000
 371.0  1.402531  0.000000  0.000000  0.000000      0.611198  0.000000  0.000000  0.000000
 372.0  1.402892  0.000000  0.000000  0.000000      0.626826  0.000000  0.000000  0.000000
 373.0  1.401758  0.000000  0.000000  0.000000      0.642596  0.000000  0.000000  0.000000
 374.0  1.399077  0.000000  0.000000  0.000000      0.658488  0.000000  0.000000  0.000000
 375.0  1.394800  0.000000  0.000000  0.000000      0.674480  0.000000  0.000000  0.000000
 376.0  1.388878  0.000000  0.000000  0.000000      0.690548  0.000000  0.000000  0.000000
 377.0  1.381263  0.000000  0.000000  0.000000      0.706670  0.000000  0.000000  0.000000
 378.0  1.371910  0.000000  0.000000  0.000000      0.722822  0.000000  0.000000  0.000000
 379.0  1.360776  0.000000  0.000000  0.000000      0.738980  0.000000  0.000000  0.000000
 380.0  1.347822  0.000000  0.000000  0.000000      0.755118  0.000000  0.000000  0.000000
 381.0  1.333013  0.000000  0.000000  0.000000      0.771214  0.000000  0.000000  0.000000
 382.0  1.316317  0.000000  0.000000  0.000000      0.787242  0.000000  0.000000  0.000000
 383.0  1.297710  0.000000  0.000000  0.000000      0.803177  0.000000  0.000000  0.000000
 384.0  1.277174  0.000000  0.000000  0.000000      0.818996  0.000000  0.000000  0.000000
 385.0  1.254698  0.000000  0.000000  0.000000      0.834673  0.000000  0.000000  0.000000
 386.0  1.230282  0.000000  0.000000  0.000000      0.850185  0.000000  0.000000  0.000000
 387.0  1.203937  0.000000  0.000000  0.000000      0.865507  0.000000  0.000000  0.000000
 388.0  1.175685  0.000000  0.000000  0.000000      0.880616  0.000000  0.000000  0.000000
 389.0  1.145563  0.000000  0.000000  0.000000      0.895487  0.000000  0.000000  0.000000
 390.0  1.113625  0.000000  0.000000  0.000000      0.910099  0.000000  0.000000  0.000000
 391.0  1.079941  0.000000  0.000000  0.000000      0.924426  0.000000  0.000000  0.000000
 392.0  1.044600  0.000000  0.000000  0.000000      0.938447  0.000000  0.000000  0.000000
 393.0  1.007714  0.000000  0.000000  0.000000      0.952139  0.000000  0.000000  0.000000
 394.0  0.969412  0.000000  0.000000  0.000000      0.965479  0.000000  0.000000  0.000000
 395.0  0.929849  0.000001  0.000000  0.000000      0.978445  0.000000  0.000000  0.000000
 396.0  0.889198  0.000003  0.000000  0.000000      0.991016  0.000000  0.000000  0.000000
 397.0  0.847655  0.000008  0.000000  0.000000      1.003168  0.000000  0.000000  0.000000
 398.0  0.805434  0.000021  0.000000  0.000000      1.014881  0.000000  0.000000  0.000000
 399.0  0.762765  0.000052  0.000000  0.000000      1.026133  0.000000  0.000000  0.000000
 400.0  0.719891  0.000119  0.000000  0.000000      1.036903  0.000000  0.000000  0.000000
 401.0  0.677065  0.000254  0.000000  0.000000      1.047168  0.000000  0.000000  0.000000
 402.0  0.634540  0.000514  0.000000  0.000000      1.056909  0.000000  0.000000  0.000000
 403.0  0.592571  0.000980  0.000000  0.000000      1.066103  0.000000  0.000000  0.000000
 404.0  0.551403  0.001778  0.000000  0.000000      1.074730  0.000000  0.000000  0.000000
 405.0  0.511269  0.003075  0.000000  0.000000      1.082768  0.000000  0.000000  0.000000
 406.0  0.472383  0.005092  0.000000  0.000000      1.090196  0.000000  0.000000  0.000000
 407.0  0.434937  0.008102  0.000000  0.000000      1.096993  0.000000  0.000000  0.000000
 408.0  0.399095  0.012427  0.000000  0.000000      1.103140  0.000000  0.000000  0.000000
 409.0  0.364991  0.018426  0.000000  0.000000      1.108614  0.000000  0.000000  0.000000
 410.0  0.332729  0.026484  0.000000  0.000000      1.113395  0.000000  0.000000  0.000000
 411.0  0.302382  0.036993  0.000000  0.000000      1.117462  0.000000  0.000000  0.000000
 412.0  0.273991  0.050331  0.000000  0.000000      1.120797  0.000000  0.000000  0.000000
 413.0  0.247569  0.066841  0.000000  0.000000      1.123378  0.000000  0.000000  0.000000
 414.0  0.223102  0.086810  0.000000  0.000000      1.125187  0.000000  0.000000  0.000000
 415.0  0.200552  0.110459  0.000000  0.000000      1.126205  0.000000  0.000000  0.000000
 416.0  0.179862  0.137924  0.000000  0.000000      1.126413  0.000000  0.000000  0.000000
 417.0  0.160958  0.169253  0.000000  0.000000      1.125794  0.000000  0.000000  0.000000
 418.0  0.143754  0.204404  0.000000  0.000000      1.124331  0.000000  0.000000  0.000000
 419.0  0.128154  0.243248  0.000000  0.000000      1.122009  0.000000  0.000000  0.000000
 420.0  0.114056  0.285574  0.000000  0.000000      1.118812  0.000000  0.000000  0.000000
 421.0  0.101355  0.331103  0.000000  0.000000      1.114728  0.000000  0.000000  0.000000
 422.0  0.089946  0.379495  0.000000  0.000000      1.109745  0.000000  0.000000  0.000000
 423.0  0.079724  0.430369  0.000000  0.000000      1.103851  0.000000  0.000000  0.000000
 424.0  0.070586  0.483311  0.000000  0.000000      1.097038  0.000000  0.000000  0.000000
 425.0  0.062436  0.537887  0.000000  0.000000      1.089300  0.000000  0.000000  0.000000
 426.0  0.055181  0.593661  0.000000  0.000000      1.080632  0.000000  0.000000  0.000000
 427.0  0.048734  0.650200  0.000000  0.000000      1.071031  0.000000  0.000000  0.000000
 428.0  0.043013  0.707085  0.000000  0.000000      1.060497  0.000001  0.000000  0.000000
 429.0  0.037944  0.763918  0.000000  0.000000      1.049031  0.000002  0.000000  0.000000
 430.0  0.033458  0.820328  0.000000  0.000000      1.036640  0.000007  0.000000  0.000000
 431.0  0.029493  0.875973  0.000000  0.000000      1.023331  0.000020  0.000000  0.000000
 432.0  0.025990  0.930546  0.000000  0.000000      1.009114  0.000055  0.000000  0.000000
 433.0  0.022898  0.983773  0.000000  0.000000      0.994003  0.000137  0.000000  0.000000
 434.0  0.020172  1.035414  0.000000  0.000000      0.978015  0.000317  0.000000  0.000000
 435.0  0.017769  1.085262  0.000000  0.000000      0.961170  0.000684  0.000000  0.000000
 436.0  0.015652  1.133143  0.000000  0.000000      0.943489  0.001386  0.000000  0.000000
 437.0  0.013787  1.178911  0.000000  0.000000      0.925001  0.002644  0.000000  0.000000
 438.0  0.012146  1.222448  0.000000  0.000000      0.905735  0.004780  0.000000  0.000000
 439.0  0.010701  1.263663  0.000000  0.000000      0.885722  0.008223  0.000000  0.000000
 440.0  0.009429  1.302485  0.000000  0.000000      0.865001  0.013515  0.000000  0.000000
 441.0  0.008310  1.338865  0.000000  0.000000      0.843610  0.021307  0.000000  0.000000
 442.0  0.007326  1.372771  0.000000  0.000000      0.821592  0.032330  0.000000  0.000000
 443.0  0.006459  1.404186  0.000000  0.000000      0.798993  0.047366  0.000000  0.000000
 444.0  0.005697  1.433105  0.000000  0.000000      0.775863  0.067199  0.000000  0.000000
 445.0  0.005026  1.459537  0.000000  0.000000      0.752252  0.092566  0.000000  0.000000
 446.0  0.004435  1.483497  0.000000  0.000000      0.728217  0.124107  0.000000  0.000000
 447.0  0.003915  1.505010  0.000000  0.000000      0.703815  0.162315  0.000000  0.000000
 448.0  0.003458  1.524106  0.000000  0.000000      0.679107  0.207507  0.000000  0.000000
 449.0  0.003054  1.540822  0.000000  0.000000      0.654154  0.259793  0.000000  0.000000
 450.0  0.002699  1.555196  0.000000  0.000000      0.629023  0.319072  0.000000  0.000000
 451.0  0.002386  1.567271  0.000000  0.000000      0.603779  0.385031  0.000000  0.000000
 452.0  0.002111  1.577092  0.000000  0.000000      0.578491  0.457163  0.000000  0.000000
 453.0  0.001867  1.584708  0.000000  0.000000      0.553228  0.534791  0.000000  0.000000
 454.0  0.001653  1.590165  0.000000  0.000000      0.528061  0.617100  0.000000  0.000000
 455.0  0.001464  1.593514  0.000000  0.000000      0.503060  0.703175  0.000000  0.000000
 456.0  0.001297  1.594805  0.000000  0.000000      0.478294  0.792031  0.000000  0.000000
 457.0  0.001149  1.594090  0.000000  0.000000      0.453834  0.882655  0.000000  0.000000
 458.0  0.001019  1.591420  0.000000  0.000000      0.429747  0.974034  0.000000  0.000000
 459.0  0.000904  1.586848  0.000000  0.000000      0.406099  1.065185  0.000000  0.000000
 460.0  0.000802  1.580426  0.000000  0.000000      0.382953  1.155176  0.000000  0.000000
 461.0  0.000712  1.572209  0.000000  0.000000      0.360369  1.243144  0.000000  0.000000
 462.0  0.000632  1.562251  0.000000  0.000000      0.338402  1.328310  0.000000  0.000000
 463.0  0.000562  1.550607  0.000000  0.000000      0.317104  1.409984  0.000000  0.000000
 464.0  0.000500  1.537332  0.000000  0.000000      0.296519  1.487570  0.000000  0.000000
 465.0  0.000444  1.522484  0.000000  0.000000      0.276690  1.560570  0.000000  0.000000
 466.0  0.000395  1.506120  0.000000  0.000000      0.257648  1.628575  0.000000  0.000000
 467.0  0.000352  1.488300  0.000000  0.000000      0.239423  1.691267  0.000000  0.000000
 468.0  0.000313  1.469085  0.000000  0.000000      0.222035  1.748412  0.000000  0.000000
 469.0  0.000279  1.448534  0.000000  0.000000      0.205500  1.799849  0.000000  0.000000
 470.0  0.000249  1.426711  0.000000  0.000000      0.189825  1.845490  0.000000  0.000000
 471.0  0.000222  1.403681  0.000000  0.000000      0.175011  1.885304  0.000000  0.000000
 472.0  0.000198  1.379507  0.000000  0.000000      0.161055  1.919317  0.000000  0.000000
 473.0  0.000177  1.354257  0.000000  0.000000      0.147946  1.947601  0.000000  0.000000
 474.0  0.000158  1.327998  0.000000  0.000000      0.135670  1.970266  0.000000  0.000000
 475.0  0.000141  1.300798  0.000000  0.000000      0.124205  1.987457  0.000000  0.000000
 476.0  0.000126  1.272727  0.000000  0.000000      0.113528  1.999345  0.000000  0.000000
 477.0  0.000113  1.243855  0.000000  0.000000      0.103612  2.006126  0.000000  0.000000
 478.0  0.000101  1.214253  0.000000  0.000000      0.094426  2.008009  0.000000  0.000000
 479.0  0.000090  1.183992  0.000000  0.000000      0.085936  2.005222  0.000000  0.000000
 480.0  0.000081  1.153144  0.000000  0.000000      0.078110  1.997997  0.000000  0.000000
 481.0  0.000072  1.121781  0.000000  0.000000      0.070910  1.986578  0.000000  0.000000
 482.0  0.000065  1.089975  0.000000  0.000000      0.064301  1.971210  0.000000  0.000000
 483.0  0.000058  1.057798  0.000000  0.000000      0.058246  1.952141  0.000000  0.000000
 484.0  0.000052  1.025321  0.000000  0.000000      0.052710  1.929619  0.000000  0.000000
 485.0  0.000047  0.992616  0.000001  0.000000      0.047658  1.903889  0.000000  0.000000
 486.0  0.000042  0.959753  0.000002  0.000000      0.043053  1.875195  0.000000  0.000000
 487.0  0.000038  0.926802  0.000006  0.000000      0.038864  1.843775  0.000000  0.000000
 488.0  0.000034  0.893832  0.000014  0.000000      0.035059  1.809865  0.000000  0.000000
 489.0  0.000031  0.860911  0.000029  0.000000      0.031606  1.773691  0.000001  0.000000
 490.0  0.000027  0.828105  0.000060  0.000000      0.028477  1.735478  0.000003  0.000000
 491.0  0.000025  0.795479  0.000119  0.000000      0.025645  1.695439  0.000009  0.000000
 492.0  0.000022  0.763098  0.000225  0.000000      0.023084  1.653784  0.000023  0.000000
 493.0  0.000020  0.731022  0.000409  0.000000      0.020771  1.610716  0.000056  0.000000
 494.0  0.000018  0.699314  0.000719  0.000000      0.018684  1.566426  0.000124  0.000000
 495.0  0.000016  0.668029  0.001222  0.000000      0.016801  1.521104  0.000260  0.000000
 496.0  0.000015  0.637225  0.002010  0.000000      0.015104  1.474928  0.000519  0.000000
 497.0  0.000013  0.606956  0.003207  0.000000      0.013576  1.428071  0.000984  0.000000
 498.0  0.000012  0.577271  0.004975  0.000000      0.012201  1.380697  0.001781  0.000000
 499.0  0.000011  0.548220  0.007514  0.000000      0.010963  1.332964  0.003088  0.000000
 500.0  0.000010  0.519847  0.011068  0.000000      0.009851  1.285022  0.005146  0.000000
 501.0  0.000009  0.492195  0.015923  0.000000      0.008851  1.237016  0.008263  0.000000
 502.0  0.000008  0.465302  0.022402  0.000000      0.007952  1.189080  0.012818  0.000000
 503.0  0.000007  0.439204  0.030866  0.000000      0.007144  1.141345  0.019259  0.000000
 504.0  0.000006  0.413931  0.041697  0.000000      0.006419  1.093934  0.028089  0.000000
 505.0  0.000006  0.389510  0.055294  0.000000      0.005768  1.046963  0.039852  0.000000
 506.0  0.000005  0.365966  0.072054  0.000000      0.005183  1.000540  0.055111  0.000000
 507.0  0.000005  0.343316  0.092362  0.000000      0.004658  0.954770  0.074418  0.000000
 508.0  0.000004  0.321576  0.116572  0.000000      0.004187  0.909747  0.098289  0.000000
 509.0  0.000004  0.300754  0.144995  0.000000      0.003764  0.865563  0.127175  0.000000
 510.0  0.000004  0.280858  0.177882  0.000000      0.003384  0.822298  0.161431  0.000000
 511.0  0.000003  0.261889  0.215416  0.000000      0.003043  0.780030  0.201305  0.000000
 512.0  0.000003  0.243843  0.257697  0.000000      0.002737  0.738827  0.246909  0.000000
 513.0  0.000003  0.226714  0.304741  0.000000      0.002463  0.698753  0.298223  0.000000
 514.0  0.000002  0.210491  0.356473  0.000000      0.002216  0.659863  0.355081  0.000000
 515.0  0.000002  0.195159  0.412726  0.000000      0.001994  0.622205  0.417186  0.000000
 516.0  0.000002  0.180701  0.473247  0.000000      0.001796  0.585821  0.484112  0.000000
 517.0  0.000002  0.167095  0.537700  0.000000      0.001617  0.550745  0.555323  0.000000
 518.0  0.000002  0.154319  0.605674  0.000000      0.001456  0.517005  0.630192  0.000000
 519.0  0.000002  0.142345  0.676691  0.000000      0.001312  0.484622  0.708018  0.000000
 520.0  0.000001  0.131145  0.750222  0.000000      0.001183  0.453608  0.788054  0.000000
 521.0  0.000001  0.120690  0.825694  0.000000      0.001066  0.423971  0.869520  0.000000
 522.0  0.000001  0.110948  0.902506  0.000000      0.000961  0.395711  0.951631  0.000000
 523.0  0.000001  0.101887  0.980039  0.000000      0.000867  0.368822  1.033611  0.000000
 524.0  0.000001  0.093473  1.057668  0.000000      0.000782  0.343292  1.114711  0.000000
 525.0  0.000001  0.085675  1.134774  0.000000      0.000706  0.319103  1.194222  0.000000
 526.0  0.000001  0.078457  1.210758  0.000000      0.000637  0.296232  1.271488  0.000000
 527.0  0.000001  0.071788  1.285041  0.000000      0.000576  0.274652  1.345911  0.000000
 528.0  0.000001  0.065634  1.357082  0.000000      0.000520  0.254331  1.416957  0.000000
 529.0  0.000001  0.059963  1.426375  0.000000      0.000470  0.235233  1.484163  0.000000
 530.0  0.000001  0.054745  1.492463  0.000000      0.000425  0.217318  1.547136  0.000000
 531.0  0.000000  0.049950  1.554935  0.000000      0.000384  0.200545  1.605550  0.000000
 532.0  0.000000  0.045547  1.613431  0.000000      0.000348  0.184869  1.659151  0.000000
 533.0  0.000000  0.041511  1.667643  0.000000      0.000314  0.170245  1.707745  0.000000
 534.0  0.000000  0.037813  1.717318  0.000000      0.000285  0.156625  1.751203  0.000000
 535.0  0.000000  0.034429  1.762253  0.000000      0.000258  0.143960  1.789449  0.000000
 536.0  0.000000  0.031335  1.802294  0.000000      0.000233  0.132203  1.822462  0.000000
 537.0  0.000000  0.028508  1.837338  0.000000      0.000211  0.121305  1.850263  0.000000
 538.0  0.000000  0.025928  1.867328  0.000000      0.000192  0.111217  1.872918  0.000000
 539.0  0.000000  0.023574  1.892249  0.000000      0.000174  0.101893  1.890526  0.000000
 540.0  0.000000  0.021428  1.912126  0.000000      0.000158  0.093286  1.903220  0.000000
 541.0  0.000000  0.019474  1.927019  0.000000      0.000143  0.085350  1.911157  0.000001
 542.0  0.000000  0.017694  1.937023  0.000000      0.000130  0.078043  1.914515  0.000002
 543.0  0.000000  0.016074  1.942259  0.000000      0.000118  0.071320  1.913493  0.000004
 544.0  0.000000  0.014601  1.942877  0.000001      0.000107  0.065144  1.908302  0.000008
 545.0  0.000000  0.013261  1.939046  0.000002      0.000097  0.059473  1.899162  0.000017
 546.0  0.000000  0.012044  1.930955  0.000004      0.000088  0.054273  1.886303  0.000033
 547.0  0.000000  0.010937  1.918807  0.000009      0.000080  0.049508  1.869958  0.000063
 548.0  0.000000  0.009932  1.902818  0.000019      0.000073  0.045145  1.850362  0.000117
 549.0  0.000000  0.009019  1.883214  0.000038      0.000066  0.041153  1.827753  0.000209
 550.0  0.000000  0.008190  1.860226  0.000072      0.000060  0.037504  1.802363  0.000360
 551.0  0.000000  0.007438  1.834092  0.000133      0.000055  0.034169  1.774424  0.000603
 552.0  0.000000  0.006755  1.805050  0.000237      0.000050  0.031124  1.744162  0.000981
 553.0  0.000000  0.006135  1.773340  0.000409      0.000046  0.028345  1.711798  0.001552
 554.0  0.000000  0.005573  1.739200  0.000684      0.000042  0.025810  1.677546  0.002394
 555.0  0.000000  0.005062  1.702865  0.001110      0.000038  0.023498  1.641613  0.003601
 556.0  0.000000  0.004599  1.664567  0.001755      0.000035  0.021392  1.604200  0.005295
 557.0  0.000000  0.004179  1.624532  0.002703      0.000032  0.019472  1.565496  0.007617
 558.0  0.000000  0.003797  1.582979  0.004062      0.000029  0.017724  1.525686  0.010734
 559.0  0.000000  0.003451  1.540123  0.005965      0.000026  0.016132  1.484944  0.014834
 560.0  0.000000  0.003137  1.496169  0.008570      0.000024  0.014682  1.443436  0.020127
 561.0  0.000000  0.002853  1.451315  0.012061      0.000022  0.013363  1.401320  0.026838
 562.0  0.000000  0.002594  1.405751  0.016648      0.000020  0.012163  1.358743  0.035204
 563.0  0.000000  0.002359  1.359658  0.022559      0.000018  0.011071  1.315848  0.045467
 564.0  0.000000  0.002146  1.313209  0.030042      0.000017  0.010078  1.272765  0.057866
 565.0  0.000000  0.001953  1.266566  0.039355      0.000015  0.009174  1.229621  0.072633
 566.0  0.000000  0.001777  1.219884  0.050761      0.000014  0.008352  1.186531  0.089982
 567.0  0.000000  0.001618  1.173309  0.064517      0.000013  0.007605  1.143605  0.110103
 568.0  0.000000  0.001473  1.126976  0.080871      0.000012  0.006925  1.100944  0.133154
 569.0  0.000000  0.001341  1.081013  0.100049      0.000011  0.006307  1.058644  0.159258
 570.0  0.000000  0.001222  1.035538  0.122249      0.000010  0.005745  1.016792  0.188493
 571.0  0.000000  0.001113  0.990661  0.147632      0.000009  0.005233  0.975470  0.220896
 572.0  0.000000  0.001014  0.946483  0.176318      0.000008  0.004768  0.934753  0.256453
 573.0  0.000000  0.000925  0.903095  0.208379      0.000008  0.004345  0.894710  0.295103
 574.0  0.000000  0.000843  0.860581  0.243834      0.000007  0.003960  0.855405  0.336737
 575.0  0.000000  0.000769  0.819018  0.282652      0.000006  0.003610  0.816894  0.381201
 576.0  0.000000  0.000701  0.778471  0.324747      0.000006  0.003292  0.779230  0.428298
 577.0  0.000000  0.000640  0.739000  0.369979      0.000005  0.003002  0.742460  0.477792
 578.0  0.000000  0.000584  0.700657  0.418162      0.000005  0.002738  0.706625  0.529413
 579.0  0.000000  0.000533  0.663485  0.469060      0.000004  0.002498  0.671760  0.582864
 580.0  0.000000  0.000487  0.627521  0.522398      0.000004  0.002279  0.637898  0.637823
 581.0  0.000000  0.000445  0.592793  0.577864      0.000004  0.002080  0.605065  0.693953
 582.0  0.000000  0.000406  0.559324  0.635117      0.000003  0.001899  0.573283  0.750905
 583.0  0.000000  0.000371  0.527129  0.693794      0.000003  0.001734  0.542569  0.808324
 584.0  0.000000  0.000340  0.496218  0.753515      0.000003  0.001584  0.512937  0.865856
 585.0  0.000000  0.000310  0.466593  0.813889      0.000003  0.001447  0.484394  0.923149
 586.0  0.000000  0.000284  0.438254  0.874525      0.000002  0.001322  0.456947  0.979864
 587.0  0.000000  0.000260  0.411190  0.935031      0.000002  0.001209  0.430594  1.035673
 588.0  0.000000  0.000238  0.385391  0.995024      0.000002  0.001105  0.405333  1.090263
 589.0  0.000000  0.000218  0.360839  1.054136      0.000002  0.001010  0.381158  1.143344
 590.0  0.000000  0.000199  0.337511  1.112013      0.000002  0.000924  0.358057  1.194645
 591.0  0.000000  0.000183  0.315385  1.168324      0.000002  0.000845  0.336019  1.243919
 592.0  0.000000  0.000167  0.294430  1.222761      0.000002  0.000774  0.315025  1.290943
 593.0  0.000000  0.000153  0.274615  1.275041      0.000001  0.000708  0.295058  1.335520
 594.0  0.000000  0.000140  0.255907  1.324910      0.000001  0.000648  0.276095  1.377477
 595.0  0.000000  0.000129  0.238270  1.372141      0.000001  0.000594  0.258112  1.416670
 596.0  0.000000  0.000118  0.221666  1.416538      0.000001  0.000544  0.241085  1.452977
 597.0  0.000000  0.000108  0.206056  1.457933      0.000001  0.000498  0.224984  1.486300
 598.0  0.000000  0.000099  0.191401  1.496187      0.000001  0.000457  0.209780  1.516568
 599.0  0.000000  0.000091  0.177659  1.531191      0.000001  0.000419  0.195444  1.543729
 600.0  0.000000  0.000084  0.164789  1.562862      0.000001  0.000384  0.181943  1.567754
 601.0  0.000000  0.000077  0.152752  1.591142      0.000001  0.000352  0.169246  1.588634
 602.0  0.000000  0.000071  0.141505  1.616000      0.000001  0.000323  0.157319  1.606378
 603.0  0.000000  0.000065  0.131008  1.637427      0.000001  0.000297  0.146130  1.621011
 604.0  0.000000  0.000060  0.121222  1.655434      0.000001  0.000272  0.135645  1.632576
 605.0  0.000000  0.000055  0.112108  1.670055      0.000001  0.000250  0.125831  1.641128
 606.0  0.000000  0.000050  0.103627  1.681338      0.000000  0.000230  0.116656  1.646734
 607.0  0.000000  0.000046  0.095743  1.689350      0.000000  0.000211  0.108086  1.649475
 608.0  0.000000  0.000043  0.088421  1.694171      0.000000  0.000194  0.100091  1.649438
 609.0  0.000000  0.000039  0.081625  1.695892      0.000000  0.000178  0.092638  1.646720
 610.0  0.000000  0.000036  0.075323  1.694619      0.000000  0.000164  0.085698  1.641426
 611.0  0.000000  0.000033  0.069483  1.690463      0.000000  0.000151  0.079241  1.633666
 612.0  0.000000  0.000031  0.064076  1.683545      0.000000  0.000138  0.073239  1.623553
 613.0  0.000000  0.000028  0.059072  1.673991      0.000000  0.000127  0.067663  1.611206
 614.0  0.000000  0.000026  0.054444  1.661934      0.000000  0.000117  0.062488  1.596746
 615.0  0.000000  0.000024  0.050166  1.647507      0.000000  0.000108  0.057689  1.580295
 616.0  0.000000  0.000022  0.046214  1.630850      0.000000  0.000099  0.053240  1.561977
 617.0  0.000000  0.000020  0.042565  1.612101      0.000000  0.000092  0.049120  1.541915
 618.0  0.000000  0.000019  0.039197  1.591401      0.000000  0.000084  0.045307  1.520232
 619.0  0.000000  0.000017  0.036090  1.568889      0.000000  0.000078  0.041778  1.497050
 620.0  0.000000  0.000016  0.033225  1.544703      0.000000  0.000072  0.038516  1.472491
 621.0  0.000000  0.000015  0.030583  1.518980      0.000000  0.000066  0.035501  1.446671
 622.0  0.000000  0.000014  0.028149  1.491855      0.000000  0.000061  0.032716  1.419707
 623.0  0.000000  0.000013  0.025907  1.463460      0.000000  0.000056  0.030145  1.391713
 624.0  0.000000  0.000012  0.023842  1.433923      0.000000  0.000052  0.027771  1.362797
 625.0  0.000000  0.000011  0.021940  1.403369      0.000000  0.000048  0.025581  1.333068
 626.0  0.000000  0.000010  0.020190  1.371920      0.000000  0.000044  0.023562  1.302628
 627.0  0.000000  0.000009  0.018579  1.339693      0.000000  0.000041  0.021700  1.271576
 628.0  0.000000  0.000009  0.017096  1.306800      0.000000  0.000038  0.019983  1.240009
 629.0  0.000000  0.000008  0.015732  1.273351      0.000000  0.000035  0.018402  1.208019
 630.0  0.000000  0.000007  0.014477  1.239448      0.000000  0.000032  0.016945  1.175694
 631.0  0.000000  0.000007  0.013323  1.205192      0.000000  0.000030  0.015603  1.143117
 632.0  0.000000  0.000006  0.012261  1.170677      0.000000  0.000027  0.014367  1.110370
 633.0  0.000000  0.000006  0.011284  1.135994      0.000000  0.000025  0.013229  1.077529
 634.0  0.000000  0.000005  0.010386  1.101229      0.000000  0.000023  0.012181  1.044666
 635.0  0.000000  0.000005  0.009561  1.066462      0.000000  0.000022  0.011216  1.011850
 636.0  0.000000  0.000005  0.008801  1.031771      0.000000  0.000020  0.010329  0.979146
 637.0  0.000000  0.000004  0.008103  0.997228      0.000000  0.000019  0.009512  0.946617
 638.0  0.000000  0.000004  0.007461  0.962901      0.000000  0.000017  0.008760  0.914318
 639.0  0.000000  0.000004  0.006870  0.928854      0.000000  0.000016  0.008068  0.882305
 640.0  0.000000  0.000003  0.006327  0.895147      0.000000  0.000015  0.007431  0.850630
 641.0  0.000000  0.000003  0.005828  0.861836      0.000000  0.000014  0.006845  0.819338
 642.0  0.000000  0.000003  0.005369  0.828972      0.000000  0.000013  0.006306  0.788475
 643.0  0.000000  0.000003  0.004946  0.796604      0.000000  0.000012  0.005810  0.758081
 644.0  0.000000  0.000003  0.004558  0.764775      0.000000  0.000011  0.005354  0.728194
 645.0  0.000000  0.000002  0.004200  0.733526      0.000000  0.000010  0.004934  0.698850
 646.0  0.000000  0.000002  0.003872  0.702895      0.000000  0.000009  0.004547  0.670080
 647.0  0.000000  0.000002  0.003569  0.672913      0.000000  0.000009  0.004192  0.641913
 648.0  0.000000  0.000002  0.003291  0.643612      0.000000  0.000008  0.003864  0.614375
 649.0  0.000000  0.000002  0.003035  0.615018      0.000000  0.000007  0.003563  0.587489
 650.0  0.000000  0.000002  0.002799  0.587154      0.000000  0.000007  0.003286  0.561276
 651.0  0.000000  0.000002  0.002582  0.560041      0.000000  0.000006  0.003031  0.535754
 652.0  0.000000  0.000001  0.002382  0.533695      0.000000  0.000006  0.002796  0.510938
 653.0  0.000000  0.000001  0.002198  0.508130      0.000000  0.000006  0.002579  0.486841
 654.0  0.000000  0.000001  0.002029  0.483359      0.000000  0.000005  0.002380  0.463472
 655.0  0.000000  0.000001  0.001873  0.459388      0.000000  0.000005  0.002196  0.440841
 656.0  0.000000  0.000001  0.001730  0.436224      0.000000  0.000004  0.002027  0.418951
 657.0  0.000000  0.000001  0.001597  0.413869      0.000000  0.000004  0.001872  0.397807
 658.0  0.000000  0.000001  0.001475  0.392324      0.000000  0.000004  0.001728  0.377410
 659.0  0.000000  0.000001  0.001363  0.371587      0.000000  0.000004  0.001596  0.357757
 660.0  0.000000  0.000001  0.001259  0.351653      0.000000  0.000003  0.001474  0.338847
 661.0  0.000000  0.000001  0.001164  0.332516      0.000000  0.000003  0.001362  0.320673
 662.0  0.000000  0.000001  0.001076  0.314168      0.000000  0.000003  0.001259  0.303230
 663.0  0.000000  0.000001  0.000995  0.296599      0.000000  0.000003  0.001163  0.286508
 664.0  0.000000  0.000001  0.000920  0.279795      0.000000  0.000003  0.001075  0.270498
 665.0  0.000000  0.000001  0.000851  0.263743      0.000000  0.000002  0.000994  0.255186
 666.0  0.000000  0.000001  0.000787  0.248428      0.000000  0.000002  0.000919  0.240562
 667.0  0.000000  0.000000  0.000728  0.233833      0.000000  0.000002  0.000850  0.226609
 668.0  0.000000  0.000000  0.000674  0.219941      0.000000  0.000002  0.000787  0.213312
 669.0  0.000000  0.000000  0.000624  0.206733      0.000000  0.000002  0.000728  0.200656
 670.0  0.000000  0.000000  0.000578  0.194189      0.000000  0.000002  0.000674  0.188623
 671.0  0.000000  0.000000  0.000535  0.182288      0.000000  0.000002  0.000623  0.177193
 672.0  0.000000  0.000000  0.000496  0.171010      0.000000  0.000001  0.000577  0.166350
 673.0  0.000000  0.000000  0.000459  0.160332      0.000000  0.000001  0.000534  0.156073
 674.0  0.000000  0.000000  0.000425  0.150234      0.000000  0.000001  0.000495  0.146343
 675.0  0.000000  0.000000  0.000394  0.140693      0.000000  0.000001  0.000459  0.137141
 676.0  0.000000  0.000000  0.000366  0.131687      0.000000  0.000001  0.000425  0.128444
 677.0  0.000000  0.000000  0.000339  0.123194      0.000000  0.000001  0.000394  0.120235
 678.0  0.000000  0.000000  0.000314  0.115191      0.000000  0.000001  0.000365  0.112492
 679.0  0.000000  0.000000  0.000292  0.107657      0.000000  0.000001  0.000338  0.105196
 680.0  0.000000  0.000000  0.000271  0.100571      0.000000  0.000001  0.000314  0.098326
 681.0  0.000000  0.000000  0.000251  0.093911      0.000000  0.000001  0.000291  0.091863
 682.0  0.000000  0.000000  0.000233  0.087655      0.000000  0.000001  0.000270  0.085788
 683.0  0.000000  0.000000  0.000216  0.081785      0.000000  0.000001  0.000251  0.080082
 684.0  0.000000  0.000000  0.000201  0.076280      0.000000  0.000001  0.000232  0.074726
 685.0  0.000000  0.000000  0.000187  0.071121      0.000000  0.000001  0.000216  0.069703
 686.0  0.000000  0.000000  0.000173  0.066289      0.000000  0.000001  0.000200  0.064994
 687.0  0.000000  0.000000  0.000161  0.061767      0.000000  0.000001  0.000186  0.060584
 688.0  0.000000  0.000000  0.000150  0.057537      0.000000  0.000000  0.000173  0.056456
 689.0  0.000000  0.000000  0.000139  0.053582      0.000000  0.000000  0.000161  0.052594
 690.0  0.000000  0.000000  0.000129  0.049887      0.000000  0.000000  0.000149  0.048982
 691.0  0.000000  0.000000  0.000120  0.046436      0.000000  0.000000  0.000139  0.045608
 692.0  0.000000  0.000000  0.000112  0.043214      0.000000  0.000000  0.000129  0.042455
 693.0  0.000000  0.000000  0.000104  0.040208      0.000000  0.000000  0.000120  0.039513
 694.0  0.000000  0.000000  0.000096  0.036964      0.000000  0.000000  0.000111  0.036766
 695.0  0.000000  0.000000  0.000089  0.034367      0.000000  0.000000  0.000104  0.034205
 696.0  0.000000  0.000000  0.000083  0.031948      0.000000  0.000000  0.000096  0.031817
 697.0  0.000000  0.000000  0.000077  0.029695      0.000000  0.000000  0.000090  0.029590
 698.0  0.000000  0.000000  0.000072  0.027597      0.000000  0.000000  0.000084  0.027516
 699.0  0.000000  0.000000  0.000067  0.025645      0.000000  0.000000  0.000078  0.025585
 700.0  0.000000  0.000000  0.000062  0.023828      0.000000  0.000000  0.000072  0.023786
